Var1 Freq
1 103.873242796951 1
2 105.835248621008 1
3 107.431511537402 1
4 108.168066877502 1
5 108.67229111548 1
6 109.002071232573 1
7 109.351167494158 1
8 109.425899436639 1
9 109.671286205449 1
10 110.627238506241 1
11 110.717756704338 1
12 110.964077056631 1
13 111.018036735735 1
14 111.053433851149 1
15 111.252601497362 1
16 111.764357327519 1
17 111.811448600967 1
18 111.877808887744 1
19 111.919236418571 1
20 112.167199278589 1
21 112.300243844641 1
22 112.384625945915 1
23 112.500878652906 1
24 112.631417208903 1
25 112.655791758672 1
26 112.743673223702 1
27 112.937561702239 1
28 113.3437611006 1
29 113.390119887211 1
30 113.489796113743 1
31 113.656702127003 1
32 113.666833054821 1
33 113.748176278941 1
34 113.763729977589 1
35 113.832756278505 1
36 113.880897440662 1
37 114.00359837323 1
38 114.150119704218 1
39 114.223554507999 1
40 114.258951623413 1
41 114.360792116211 1
42 114.375862818778 1
43 114.442223105556 1
44 114.512655572967 1
45 114.581960774452 1
46 114.604430943816 1
47 114.728776237707 1
48 114.756709097391 1
49 114.800114641072 1
50 114.864658062452 1
51 114.997859453607 1
52 115.124754190835 1
53 115.195831426715 1
54 115.303124011407 1
55 115.308087441513 1
56 115.341333753273 1
57 115.377540906014 1
58 115.4518019378 1
59 115.54776668224 1
60 115.590143718179 1
61 115.653007098845 1
62 115.657410348167 1
63 115.670467614807 1
64 115.782567521541 1
65 115.826313394131 1
66 115.836454212143 1
67 115.861309530936 1
68 115.886638052722 1
69 115.971810610878 1
70 115.986533848281 1
71 116.058294380733 1
72 116.146865171358 1
73 116.160474322349 1
74 116.231247272632 1
75 116.237120884235 1
76 116.248830016029 1
77 116.267974150805 1
78 116.381429932985 1
79 116.395645479285 1
80 116.397170496316 1
81 116.403306593139 1
82 116.555614903917 1
83 116.621281801653 1
84 116.621975190695 1
85 116.654924159759 1
86 116.664728695184 1
87 116.695313886007 1
88 116.714533922029 1
89 116.730480985334 1
90 116.744130116194 1
91 116.78796872581 1
92 116.823365841224 1
93 116.829973791145 1
94 116.893185763142 1
95 116.916189436701 1
96 116.925206334023 1
97 116.952674723713 1
98 116.953694051205 1
99 116.957833977543 1
100 116.976514095291 1
101 116.988603534076 1
102 117.00820299485 1
103 117.025177040958 1
104 117.108520503037 1
105 117.172630858482 1
106 117.192902604311 1
107 117.250350364918 1
108 117.319876340423 1
109 117.324279589744 1
110 117.325490505134 1
111 117.375583511854 1
112 117.41080224266 1
113 117.41413277285 1
114 117.487839526653 1
115 117.492655491506 1
116 117.50332345372 1
117 117.513454381538 1
118 117.531037124935 1
119 117.546955069207 1
120 117.611720652549 1
121 117.640765008814 1
122 117.67785258819 1
123 117.689168408647 1
124 117.697591411963 1
125 117.72516362231 1
126 117.769895803319 1
127 117.80994871608 1
128 117.903990125812 1
129 117.919849833715 1
130 117.94693580409 1
131 117.981940390811 1
132 117.987871011833 1
133 118.01268809424 1
134 118.039007498057 1
135 118.042550766283 1
136 118.083784985707 1
137 118.084385798603 1
138 118.154557935991 1
139 118.16628593342 1
140 118.17599944933 1
141 118.222484145495 1
142 118.240041086449 1
143 118.242390724912 1
144 118.251454858758 1
145 118.282778646881 1
146 118.288844432272 1
147 118.290410103756 1
148 118.346981739352 1
149 118.370669307184 1
150 118.391766251138 1
151 118.425723748747 1
152 118.447726235944 1
153 118.451052270533 1
154 118.472589536222 1
155 118.475109713217 1
156 118.527803838094 1
157 118.536224828689 1
158 118.539220068662 1
159 118.576922581455 1
160 118.586655765563 1
161 118.602083449328 1
162 118.60648669865 1
163 118.620913167504 1
164 118.657319710064 1
165 118.72488854016 1
166 118.738620747796 1
167 118.753284454504 1
168 118.76772863076 1
169 118.785530562626 1
170 118.83085083954 1
171 118.875985387071 1
172 118.894286007168 1
173 118.963935114095 1
174 118.992359746711 1
175 119.000380454137 1
176 119.003117926364 1
177 119.007370731216 1
178 119.036811846659 1
179 119.042452753431 1
180 119.072336031451 1
181 119.075875836037 1
182 119.077671484237 1
183 119.081002014427 1
184 119.09938552032 1
185 119.10256413681 1
186 119.104958419162 1
187 119.15470876823 1
188 119.186197234718 1
189 119.197515376342 1
190 119.237771383722 1
191 119.259728103818 1
192 119.2658754919 1
193 119.278589894126 1
194 119.287839522241 1
195 119.329917129019 1
196 119.330120691939 1
197 119.361779980811 1
198 119.380286146325 1
199 119.394388008956 1
200 119.412707602212 1
201 119.416802372045 1
202 119.430073687101 1
203 119.454347788293 1
204 119.493900517161 1
205 119.5046912544 1
206 119.517088941524 1
207 119.518108269016 1
208 119.571051541178 1
209 119.592648181684 1
210 119.601163251549 1
211 119.609203590456 1
212 119.648809632388 1
213 119.672407576645 1
214 119.674316381424 1
215 119.686543871839 1
216 119.691959491898 1
217 119.69636274122 1
218 119.733259379438 1
219 119.751255040181 1
220 119.762638325675 1
221 119.790848892577 1
222 119.820517093953 1
223 119.833155174998 1
224 119.860441932023 1
225 119.868920493786 1
226 119.870246467448 1
227 119.875406605195 1
228 119.907270852519 1
229 119.935998757598 1
230 119.98970080122 1
231 119.994216090777 1
232 120.007095649065 1
233 120.020827856702 1
234 120.029971785087 1
235 120.037538548761 1
236 120.095451342746 1
237 120.097246773786 1
238 120.099310112688 1
239 120.111369287018 1
240 120.114595477522 1
241 120.121569706356 1
242 120.124506145775 1
243 120.130503222987 1
244 120.156063549085 1
245 120.163351749807 1
246 120.178421070028 1
247 120.19412130634 1
248 120.207676009734 1
249 120.20974317741 1
250 120.213720767114 1
251 120.242266806002 1
252 120.243791823033 1
253 120.262005629774 1
254 120.263537070847 1
255 120.274566855617 1
256 120.276073277287 1
257 120.27849633625 1
258 120.324659862337 1
259 120.352947515377 1
260 120.356043340636 1
261 120.359878593143 1
262 120.363209123333 1
263 120.374362933891 1
264 120.422933259791 1
265 120.436915877136 1
266 120.478744273204 1
267 120.481512279361 1
268 120.502583644782 1
269 120.511350021901 1
270 120.525394112687 1
271 120.526733824492 1
272 120.529797362008 1
273 120.560797003032 1
274 120.561155248746 1
275 120.577102312051 1
276 120.59456729697 1
277 120.605475833886 1
278 120.608334186308 1
279 120.611571249039 1
280 120.648199203518 1
281 120.660927583748 1
282 120.669987167941 1
283 120.676595117862 1
284 120.694914711118 1
285 120.708841225984 1
286 120.715976913829 1
287 120.740413667141 1
288 120.755149649564 1
289 120.759025066563 1
290 120.764192423993 1
291 120.766254761898 1
292 120.771827660739 1
293 120.776419914409 1
294 120.79929605043 1
295 120.80445530426 1
296 120.806804942723 1
297 120.833876037937 1
298 120.854824321567 1
299 120.864384617919 1
300 120.869154814154 1
301 120.87485529059 1
302 120.885407518666 1
303 120.90063190749 1
304 120.930681394574 1
305 120.931016741294 1
306 120.933036539643 1
307 120.968750980745 1
308 121.024232865463 1
309 121.028649222388 1
310 121.03286133619 1
311 121.033462149086 1
312 121.055737472211 1
313 121.057106674425 1
314 121.083671613622 1
315 121.089985155613 1
316 121.096942928679 1
317 121.109507898076 1
318 121.110703899271 1
319 121.115362283903 1
320 121.151011748157 1
321 121.151069983374 1
322 121.160769758738 1
323 121.16649766714 1
324 121.170900916461 1
325 121.203922137681 1
326 121.221733927876 1
327 121.244525270321 1
328 121.253296510703 1
329 121.255627921177 1
330 121.273712680725 1
331 121.276072832034 1
332 121.317338147822 1
333 121.317698672315 1
334 121.319745657666 1
335 121.339276818223 1
336 121.349944780437 1
337 121.364442898186 1
338 121.367707165129 1
339 121.377658451651 1
340 121.380910644311 1
341 121.396802586427 1
342 121.414535904907 1
343 121.428001917759 1
344 121.439480188958 1
345 121.440399604883 1
346 121.445919383205 1
347 121.449754635712 1
348 121.453085165903 1
349 121.456972631022 1
350 121.47300535358 1
351 121.48738633553 1
352 121.494362204536 1
353 121.524473914907 1
354 121.525998931938 1
355 121.526791919705 1
356 121.535789735363 1
357 121.53875764373 1
358 121.554906987462 1
359 121.568620315773 1
360 121.571784949027 1
361 121.597627044782 1
362 121.634099873433 1
363 121.636750249262 1
364 121.638250449541 1
365 121.650673045602 1
366 121.67760792003 1
367 121.679380510702 1
368 121.683783760023 1
369 121.697860354155 1
370 121.70206899882 1
371 121.702360804986 1
372 121.733321610358 1
373 121.750611452529 1
374 121.760951382109 1
375 121.766110635939 1
376 121.780915336688 1
377 121.793557130806 1
378 121.801710283587 1
379 121.814360674891 1
380 121.816479653246 1
381 121.825061737554 1
382 121.843362357651 1
383 121.845290311606 1
384 121.852075081946 1
385 121.859309420957 1
386 121.862827623999 1
387 121.894534909751 1
388 121.942390410815 1
389 121.94413852006 1
390 121.945365577828 1
391 121.952194276846 1
392 121.96473133316 1
393 121.998890545202 1
394 122.003787059178 1
395 122.018762006104 1
396 122.020892783863 1
397 122.022620776047 1
398 122.036368611804 1
399 122.048461870803 1
400 122.049998552587 1
401 122.054034769645 1
402 122.069105472212 1
403 122.08466779259 1
404 122.086662413166 1
405 122.115750842738 1
406 122.123338191656 1
407 122.128152998819 1
408 122.13255624814 1
409 122.135465758989 1
410 122.137031430472 1
411 122.146591726825 1
412 122.146982716995 1
413 122.16557746936 1
414 122.173968175917 1
415 122.193603066069 1
416 122.197877518975 1
417 122.205238326473 1
418 122.205898226401 1
419 122.238730599235 1
420 122.247970525695 1
421 122.255970321252 1
422 122.263494296091 1
423 122.267973761101 1
424 122.272345075464 1
425 122.279062197828 1
426 122.283189256501 1
427 122.286519786691 1
428 122.291121372157 1
429 122.293798180251 1
430 122.310856331294 1
431 122.311600112116 1
432 122.327027061912 1
433 122.333726051252 1
434 122.339313783331 1
435 122.343103834947 1
436 122.360226540494 1
437 122.365878722528 1
438 122.379150037584 1
439 122.382846155406 1
440 122.393472852254 1
441 122.402785784508 1
442 122.403424138776 1
443 122.409621700236 1
444 122.424856149834 1
445 122.434660685259 1
446 122.441757714913 1
447 122.442976867644 1
448 122.448704776045 1
449 122.453108025367 1
450 122.48410766639 1
451 122.486129246586 1
452 122.486678628997 1
453 122.493357294505 1
454 122.497037406342 1
455 122.500412975409 1
456 122.500745279514 1
457 122.532699600517 1
458 122.533440280706 1
459 122.550239602032 1
460 122.558279940939 1
461 122.561079043461 1
462 122.56288139615 1
463 122.581988315774 1
464 122.585242074513 1
465 122.611448060767 1
466 122.615874974508 1
467 122.621483927128 1
468 122.6286336863 1
469 122.632151889342 1
470 122.648348602551 1
471 122.6637243305 1
472 122.671869000407 1
473 122.672765006677 1
474 122.688920363586 1
475 122.705146197826 1
476 122.709549447148 1
477 122.712266784208 1
478 122.720477766896 1
479 122.727765967618 1
480 122.737621290557 1
481 122.751613442797 1
482 122.758535524151 1
483 122.769593444436 1
484 122.774157395221 1
485 122.778134984925 1
486 122.79194504139 1
487 122.798165953948 1
488 122.817996844269 1
489 122.820964752636 1
490 122.838981073428 1
491 122.853992057933 1
492 122.854327404652 1
493 122.855986678509 1
494 122.885075108081 1
495 122.888593311124 1
496 122.889074080148 1
497 122.900932645647 1
498 122.904287203533 1
499 122.906355695816 1
500 122.922497162754 1
501 122.92312140634 1
502 122.924292810954 1
503 122.927524655662 1
504 122.927623341144 1
505 122.933238400221 1
506 122.956772812445 1
507 122.960314417392 1
508 122.964974282766 1
509 122.976087694751 1
510 122.984276107726 1
511 122.986557027863 1
512 122.996366664841 1
513 123.001330094947 1
514 123.015343300073 1
515 123.030760803891 1
516 123.032818561434 1
517 123.038672947262 1
518 123.042070319416 1
519 123.048317744845 1
520 123.048386463171 1
521 123.089808330498 1
522 123.09421157982 1
523 123.097121090668 1
524 123.098124918075 1
525 123.098686762152 1
526 123.106349430535 1
527 123.106568519637 1
528 123.110433479714 1
529 123.125211220843 1
530 123.127497420511 1
531 123.132896064191 1
532 123.138337913373 1
533 123.143910812215 1
534 123.162797117597 1
535 123.200385930914 1
536 123.218029041389 1
537 123.22243229071 1
538 123.227572686733 1
539 123.236467769395 1
540 123.243056321025 1
541 123.273255443795 1
542 123.289259983216 1
543 123.320113249786 1
544 123.327016645646 1
545 123.32708747862 1
546 123.328408688228 1
547 123.330822068513 1
548 123.331419894967 1
549 123.336020995251 1
550 123.351312581117 1
551 123.35186391699 1
552 123.364729595733 1
553 123.400732373863 1
554 123.401476154686 1
555 123.401486013015 1
556 123.40195692371 1
557 123.410360107724 1
558 123.414763357046 1
559 123.417672867895 1
560 123.437175654516 1
561 123.439269508401 1
562 123.440506184706 1
563 123.449309595297 1
564 123.455754765097 1
565 123.465046125301 1
566 123.468579525164 1
567 123.469026080154 1
568 123.47447046317 1
569 123.475810174975 1
570 123.478873712491 1
571 123.495095612386 1
572 123.495430959105 1
573 123.507235191729 1
574 123.510463758943 1
575 123.514212938509 1
576 123.520937708141 1
577 123.532852910214 1
578 123.546897406192 1
579 123.554552184369 1
580 123.567351582944 1
581 123.597876366897 1
582 123.607754002898 1
583 123.609259652392 1
584 123.623316323276 1
585 123.628451032055 1
586 123.638094064405 1
587 123.648155983509 1
588 123.665053264312 1
589 123.673922115887 1
590 123.674114289676 1
591 123.679776501714 1
592 123.711359969698 1
593 123.732303927533 1
594 123.76667302101 1
595 123.777379129922 1
596 123.782952388419 1
597 123.800636405107 1
598 123.802142826778 1
599 123.808939488133 1
600 123.815647389612 1
601 123.816502334402 1
602 123.825729211412 1
603 123.840837417494 1
604 123.850729411827 1
605 123.859469487006 1
606 123.867449183418 1
607 123.875504940205 1
608 123.879757745057 1
609 123.884159875478 1
610 123.885948142633 1
611 123.889278672823 1
612 123.89208949819 1
613 123.907872886839 1
614 123.911130431035 1
615 123.952152351963 1
616 123.957990613735 1
617 123.961216804238 1
618 123.962985426626 1
619 123.971772534162 1
620 123.977345433003 1
621 123.99241613557 1
622 123.993896303489 1
623 123.994163246103 1
624 123.994473893114 1
625 123.995354338436 1
626 124.008313802667 1
627 124.021386848834 1
628 124.058584248559 1
629 124.058776422348 1
630 124.069902390183 1
631 124.07428699489 1
632 124.074672586418 1
633 124.086866552522 1
634 124.090413149749 1
635 124.108626956491 1
636 124.11075921046 1
637 124.120636846461 1
638 124.121188182333 1
639 124.1238906052 1
640 124.162041262593 1
641 124.171281189054 1
642 124.186997133238 1
643 124.192659345277 1
644 124.199568842094 1
645 124.20470427166 1
646 124.206499919859 1
647 124.20983045005 1
648 124.217373463081 1
649 124.229624450718 1
650 124.234166994652 1
651 124.283537203852 1
652 124.289189385886 1
653 124.290261973484 1
654 124.295984737495 1
655 124.297735828169 1
656 124.302460700943 1
657 124.312967912796 1
658 124.317448729303 1
659 124.341865813713 1
660 124.366287531002 1
661 124.377078268242 1
662 124.377629604115 1
663 124.378774892702 1
664 124.38855653944 1
665 124.39704271904 1
666 124.399249577741 1
667 124.40092484008 1
668 124.407418329749 1
669 124.407776575462 1
670 124.427722610835 1
671 124.457086290784 1
672 124.462941341641 1
673 124.466271871831 1
674 124.474099647801 1
675 124.481590604298 1
676 124.48259303982 1
677 124.508552737871 1
678 124.516608494658 1
679 124.539978625633 1
680 124.544794590487 1
681 124.546703395265 1
682 124.559531698577 1
683 124.565686217544 1
684 124.586428416575 1
685 124.595604812628 1
686 124.600782829615 1
687 124.603295993312 1
688 124.604608234973 1
689 124.612876088614 1
690 124.618448987456 1
691 124.636773448762 1
692 124.641431833394 1
693 124.642956936328 1
694 124.644428226939 1
695 124.645697819349 1
696 124.646936704638 1
697 124.65342626944 1
698 124.657855711387 1
699 124.66385975153 1
700 124.680916550154 1
701 124.684247080345 1
702 124.692904107794 1
703 124.711005944636 1
704 124.721476617307 1
705 124.741307507627 1
706 124.745588478428 1
707 124.745761053019 1
708 124.750786634069 1
709 124.754929306881 1
710 124.757953834147 1
711 124.762291736786 1
712 124.770312444212 1
713 124.77763806801 1
714 124.799765305768 1
715 124.812384743507 1
716 124.827597866892 1
717 124.829104515098 1
718 124.845815207157 1
719 124.847603474312 1
720 124.850934004503 1
721 124.852517091817 1
722 124.868672448725 1
723 124.872828430989 1
724 124.875270549105 1
725 124.880083475803 1
726 124.881834960044 1
727 124.890512447677 1
728 124.891466761298 1
729 124.893214870543 1
730 124.900229852035 1
731 124.920659419025 1
732 124.922872135918 1
733 124.924640758305 1
734 124.930292940339 1
735 124.93828760929 1
736 124.940605454397 1
737 124.943564255396 1
738 124.953909480361 1
739 124.96198361062 1
740 124.975824185203 1
741 124.977918039088 1
742 124.979154715393 1
743 124.997691310091 1
744 124.999500051934 1
745 125.007391085455 1
746 125.02949133822 1
747 125.034079489791 1
748 125.048521884201 1
749 125.049593058654 1
750 125.05080808387 1
751 125.052068481429 1
752 125.052861469196 1
753 125.057771512317 1
754 125.068355254592 1
755 125.082843514013 1
756 125.08481178946 1
757 125.08814231965 1
758 125.122694158751 1
759 125.1230445264 1
760 125.125758932177 1
761 125.131331831018 1
762 125.132936520733 1
763 125.136524897584 1
764 125.150883350092 1
765 125.166366984383 1
766 125.168155251539 1
767 125.171485781729 1
768 125.176742595092 1
769 125.18589814494 1
770 125.195893247602 1
771 125.197046876178 1
772 125.209304831442 1
773 125.218425032401 1
774 125.223888788198 1
775 125.234220824521 1
776 125.235596137174 1
777 125.24019772264 1
778 125.243423913144 1
779 125.252054698305 1
780 125.276103412395 1
781 125.285730199349 1
782 125.294580314229 1
783 125.334007662247 1
784 125.354500106098 1
785 125.36258017176 1
786 125.369073661428 1
787 125.369431907142 1
788 125.372620258655 1
789 125.38241106208 1
790 125.388153392667 1
791 125.390834065396 1
792 125.399120838333 1
793 125.418741622463 1
794 125.422808406164 1
795 125.433184016873 1
796 125.436400240915 1
797 125.443175783901 1
798 125.456447098958 1
799 125.468130472183 1
800 125.468701421344 1
801 125.477862847728 1
802 125.478263826337 1
803 125.47843258201 1
804 125.481775950999 1
805 125.483371575979 1
806 125.49080088265 1
807 125.499865334925 1
808 125.520273929018 1
809 125.521187030256 1
810 125.546962333354 1
811 125.560780882652 1
812 125.574531420294 1
813 125.580104319135 1
814 125.58836392767 1
815 125.599788486907 1
816 125.603087165073 1
817 125.629061680436 1
818 125.635577002313 1
819 125.640783614678 1
820 125.644798210441 1
821 125.649407741146 1
822 125.655949937611 1
823 125.672661276315 1
824 125.683131948986 1
825 125.689983684368 1
826 125.691911638322 1
827 125.698780988502 1
828 125.706263051778 1
829 125.717840543439 1
830 125.731307875963 1
831 125.736812747208 1
832 125.73929339969 1
833 125.741156236467 1
834 125.747242304431 1
835 125.747731753956 1
836 125.758395345403 1
837 125.791986904545 1
838 125.798815603563 1
839 125.803403755135 1
840 125.805088162309 1
841 125.807470538836 1
842 125.836925880784 1
843 125.84029548022 1
844 125.840662676639 1
845 125.841738807482 1
846 125.846890505809 1
847 125.84703688895 1
848 125.884527467597 1
849 125.891501696431 1
850 125.891948272018 1
851 125.89508319752 1
852 125.895293905642 1
853 125.900435213062 1
854 125.900656096362 1
855 125.905219587075 1
856 125.905849162928 1
857 125.925164045234 1
858 125.935633378346 1
859 125.935691249727 1
860 125.946425106149 1
861 125.969046417135 1
862 125.981342803868 1
863 125.981584264907 1
864 125.988691573272 1
865 125.993213053542 1
866 126.012748178487 1
867 126.013723813108 1
868 126.040224392786 1
869 126.044678853984 1
870 126.055257025344 1
871 126.081972414674 1
872 126.08434949043 1
873 126.108670881002 1
874 126.11896640218 1
875 126.121735782744 1
876 126.128014935018 1
877 126.141944523998 1
878 126.147553476619 1
879 126.151524619301 1
880 126.157097518143 1
881 126.157477658011 1
882 126.164400314663 1
883 126.165832189656 1
884 126.192865249866 1
885 126.201138933973 1
886 126.204794481885 1
887 126.212500049245 1
888 126.21292056897 1
889 126.213396271559 1
890 126.225771364301 1
891 126.229467482123 1
892 126.249654475323 1
893 126.250932128255 1
894 126.271477476551 1
895 126.273232233858 1
896 126.279898418996 1
897 126.289598194361 1
898 126.295662993926 1
899 126.304869748107 1
900 126.311867202799 1
901 126.33007376521 1
902 126.331087238821 1
903 126.334275590334 1
904 126.341232428305 1
905 126.344066393759 1
906 126.347366606231 1
907 126.350562363498 1
908 126.365979454964 1
909 126.369499827815 1
910 126.375072726657 1
911 126.404901267656 1
912 126.412457720006 1
913 126.413919079792 1
914 126.430356753024 1
915 126.439919158016 1
916 126.459307949711 1
917 126.467629683837 1
918 126.468105253845 1
919 126.468941471026 1
920 126.477487913309 1
921 126.480710107966 1
922 126.482212786082 1
923 126.516427933427 1
924 126.519386333394 1
925 126.535541690303 1
926 126.536186751973 1
927 126.541759650815 1
928 126.546039616142 1
929 126.553107236348 1
930 126.558006514752 1
931 126.558526977842 1
932 126.567099093613 1
933 126.568295553968 1
934 126.570247367997 1
935 126.571651993569 1
936 126.581166374745 1
937 126.605156850868 1
938 126.616214771153 1
939 126.620778721938 1
940 126.621553724565 1
941 126.631849245743 1
942 126.631894288306 1
943 126.634316607994 1
944 126.639086804229 1
945 126.651639016047 1
946 126.653566970002 1
947 126.661342689437 1
948 126.664407462863 1
949 126.664618170986 1
950 126.669980361705 1
951 126.674097297428 1
952 126.68691667954 1
953 126.700187994596 1
954 126.724546675626 1
955 126.742350325685 1
956 126.75090853025 1
957 126.753642236224 1
958 126.762537318885 1
959 126.764014824656 1
960 126.765578684885 1
961 126.769118489471 1
962 126.77339506712 1
963 126.780534914754 1
964 126.798581212463 1
965 126.814777424656 1
966 126.853603603697 1
967 126.856738529199 1
968 126.860249449793 1
969 126.866874918754 1
970 126.871524923142 1
971 126.872656192934 1
972 126.879317897951 1
973 126.919393435375 1
974 126.920848884644 1
975 126.921059592767 1
976 126.926801923354 1
977 126.930701748814 1
978 126.94252188414 1
979 126.950064529352 1
980 126.952970757252 1
981 126.974118747228 1
982 126.981824314588 1
983 126.995095629645 1
984 127.001879724465 1
985 127.007349952031 1
986 127.015040087804 1
987 127.023363345373 1
988 127.025509420915 1
989 127.035789527611 1
990 127.046004822109 1
991 127.046355189758 1
992 127.058922459704 1
993 127.070326212682 1
994 127.07419401345 1
995 127.08062173386 1
996 127.087295271215 1
997 127.090631401448 1
998 127.090811918845 1
999 127.104083233902 1
1000 127.109208808298 1
1001 127.150842634387 1
1002 127.163508385999 1
1003 127.167910063961 1
1004 127.171848457244 1
1005 127.174155380924 1
1006 127.174225533 1
1007 127.191122813802 1
1008 127.199414075753 1
1009 127.211350922449 1
1010 127.222269929198 1
1011 127.225325160545 1
1012 127.230560169009 1
1013 127.237429519189 1
1014 127.237523597456 1
1015 127.238265736369 1
1016 127.25125352604 1
1017 127.257318325606 1
1018 127.282001333033 1
1019 127.283213137256 1
1020 127.303272314129 1
1021 127.30902193791 1
1022 127.311667452018 1
1023 127.314144728755 1
1024 127.315200851881 1
1025 127.315363881485 1
1026 127.322431501691 1
1027 127.330635435231 1
1028 127.346417123446 1
1029 127.366556599335 1
1030 127.369774461566 1
1031 127.385539036496 1
1032 127.390877989908 1
1033 127.391441135541 1
1034 127.392012084703 1
1035 127.401173511086 1
1036 127.405086614358 1
1037 127.405377970548 1
1038 127.429760585524 1
1039 127.430666954781 1
1040 127.432276278938 1
1041 127.440438406068 1
1042 127.448535377523 1
1043 127.455880979109 1
1044 127.465853600814 1
1045 127.49387094097 1
1046 127.511674591029 1
1047 127.520232795593 1
1048 127.548610643745 1
1049 127.553684585456 1
1050 127.578872923473 1
1051 127.606303975997 1
1052 127.615222301681 1
1053 127.62922039985 1
1054 127.629573715136 1
1055 127.647319411689 1
1056 127.655560814849 1
1057 127.657614932867 1
1058 127.687458744211 1
1059 127.694664828911 1
1060 127.712563861929 1
1061 127.715297567903 1
1062 127.724233766012 1
1063 127.73077382115 1
1064 127.73515277276 1
1065 127.740532967792 1
1066 127.743443012571 1
1067 127.76811601281 1
1068 127.773719049253 1
1069 127.776674217374 1
1070 127.796848131987 1
1071 127.8015934423 1
1072 127.804611940451 1
1073 127.817748799208 1
1074 127.828083695443 1
1075 127.840517630206 1
1076 127.843518278794 1
1077 127.848474708592 1
1078 127.849306202518 1
1079 127.852430616828 1
1080 127.855454727455 1
1081 127.858944041704 1
1082 127.865294620203 1
1083 127.86800817555 1
1084 127.881048767055 1
1085 127.886015136917 1
1086 127.887363959773 1
1087 127.902985830844 1
1088 127.914626088931 1
1089 127.949467966141 1
1090 127.95250588305 1
1091 127.955248283207 1
1092 127.963535056144 1
1093 127.968763822671 1
1094 127.986091221324 1
1095 128.005283078032 1
1096 128.008101669883 1
1097 128.031981544361 1
1098 128.032544689994 1
1099 128.046190168811 1
1100 128.051325598376 1
1101 128.071253781571 1
1102 128.080187298202 1
1103 128.091755767035 1
1104 128.103990345431 1
1105 128.113239387943 1
1106 128.136706934917 1
1107 128.144357154886 1
1108 128.152778145481 1
1109 128.160202255251 1
1110 128.173006254129 1
1111 128.177171313785 1
1112 128.183925260877 1
1113 128.200341587773 1
1114 128.200743371292 1
1115 128.201600544281 1
1116 128.203209082355 1
1117 128.225396219419 1
1118 128.235177866157 1
1119 128.269189859508 1
1120 128.270677269589 1
1121 128.273873026856 1
1122 128.27685618356 1
1123 128.280998856372 1
1124 128.284086833371 1
1125 128.307767020158 1
1126 128.317494784014 1
1127 128.353400473768 1
1128 128.372617335005 1
1129 128.39889798048 1
1130 128.417536310788 1
1131 128.439738596785 1
1132 128.447404156332 1
1133 128.458041966062 1
1134 128.46813112677 1
1135 128.489578263045 1
1136 128.491619287938 1
1137 128.493558031355 1
1138 128.500047596157 1
1139 128.504477038104 1
1140 128.525742228671 1
1141 128.545427533556 1
1142 128.559073012373 1
1143 128.590571520593 1
1144 128.593874560924 1
1145 128.597407960786 1
1146 128.616933770929 1
1147 128.643560628026 1
1148 128.646386632485 1
1149 128.64911407589 1
1150 128.676017174576 1
1151 128.687585079454 1
1152 128.688889348243 1
1153 128.692429152829 1
1154 128.709594496452 1
1155 128.730246407467 1
1156 128.738088088015 1
1157 128.749999453136 1
1158 128.757216723614 1
1159 128.760918459885 1
1160 128.766267272131 1
1161 128.77781048937 1
1162 128.784540871481 1
1163 128.802172961885 1
1164 128.818838889369 1
1165 128.82064986372 1
1166 128.842704098734 1
1167 128.844312636807 1
1168 128.853849382567 1
1169 128.87628142061 1
1170 128.891469484869 1
1171 128.904392839033 1
1172 128.907624841778 1
1173 128.914976581309 1
1174 128.916903614887 1
1175 128.929637467977 1
1176 128.937767923755 1
1177 128.939182245088 1
1178 128.946674008731 1
1179 128.96797466165 1
1180 128.969665853117 1
1181 128.970924809624 1
1182 128.977240002343 1
1183 128.978893668399 1
1184 128.992861873413 1
1185 128.994200021673 1
1186 128.994529509796 1
1187 129.002461106607 1
1188 129.00784550049 1
1189 129.010605934573 1
1190 129.012930439719 1
1191 129.012980930056 1
1192 129.071824591081 1
1193 129.077091285501 1
1194 129.080842151238 1
1195 129.086819049357 1
1196 129.103454364156 1
1197 129.122724739112 1
1198 129.134661585808 1
1199 129.145580592556 1
1200 129.150215284456 1
1201 129.159269476047 1
1202 129.21250471831 1
1203 129.226107274898 1
1204 129.237455392113 1
1205 129.238511515239 1
1206 129.273801303447 1
1207 129.290308778788 1
1208 129.290693332932 1
1209 129.314751798899 1
1210 129.328397277716 1
1211 129.329992902696 1
1212 129.330594719526 1
1213 129.343260471138 1
1214 129.35719548037 1
1215 129.36673222613 1
1216 129.379166160893 1
1217 129.379191642468 1
1218 129.407402209369 1
1219 129.426564263792 1
1220 129.427859424871 1
1221 129.444082483412 1
1222 129.451233594724 1
1223 129.461702927836 1
1224 129.475719830387 1
1225 129.476995248815 1
1226 129.493896813894 1
1227 129.507412353358 1
1228 129.507603328324 1
1229 129.552226852273 1
1230 129.561235679652 1
1231 129.571193220681 1
1232 129.584838699497 1
1233 129.587777563184 1
1234 129.590651344403 1
1235 129.593724994801 1
1236 129.597141369407 1
1237 129.608041964164 1
1238 129.610769407569 1
1239 129.61797549227 1
1240 129.651709489026 1
1241 129.683750603493 1
1242 129.711872022408 1
1243 129.724904105658 1
1244 129.72792260381 1
1245 129.729611265237 1
1246 129.738123023148 1
1247 129.739465821049 1
1248 129.741059462567 1
1249 129.747056539779 1
1250 129.763828293564 1
1251 129.771785371951 1
1252 129.772616865877 1
1253 129.777461122024 1
1254 129.782254705063 1
1255 129.789168429194 1
1256 129.802813908011 1
1257 129.805967968487 1
1258 129.810674623132 1
1259 129.826296494202 1
1260 129.842875746258 1
1261 129.8561433147 1
1262 129.872778629499 1
1263 129.876631912988 1
1264 129.878558946566 1
1265 129.892049004455 1
1266 129.899140879835 1
1267 129.928593741391 1
1268 129.953471134393 1
1269 129.955855353352 1
1270 129.965130918957 1
1271 130.001036608712 1
1272 130.006779657456 1
1273 130.027643966325 1
1274 130.028226793732 1
1275 130.038696126844 1
1276 130.039486576583 1
1277 130.042497482917 1
1278 130.060017598276 1
1279 130.084076064243 1
1280 130.084380070791 1
1281 130.100660406747 1
1282 130.118098803267 1
1283 130.126519745713 1
1284 130.12922005128 1
1285 130.148490426236 1
1286 130.164592332589 1
1287 130.185035163172 1
1288 130.186599947939 1
1289 130.231754898856 1
1290 130.240091327026 1
1291 130.246202002246 1
1292 130.256671335358 1
1293 130.259079046723 1
1294 130.291648234375 1
1295 130.316459020057 1
1296 130.347195259794 1
1297 130.363049260144 1
1298 130.366007660111 1
1299 130.380184821358 1
1300 130.38216301702 1
1301 130.382961167494 1
1302 130.403010371686 1
1303 130.412888926403 1
1304 130.41372042033 1
1305 130.423358259515 1
1306 130.451778177585 1
1307 130.467400048655 1
1308 130.485708130946 1
1309 130.513882183952 1
1310 130.516440306361 1
1311 130.517185224282 1
1312 130.534434228571 1
1313 130.541109637294 1
1314 130.549432894864 1
1315 130.569697295844 1
1316 130.597479370894 1
1317 130.600936376008 1
1318 130.610895742813 1
1319 130.612200011602 1
1320 130.613364820705 1
1321 130.619490681925 1
1322 130.63098164683 1
1323 130.650097241551 1
1324 130.689609318275 1
1325 130.697918006734 1
1326 130.701121152728 1
1327 130.73344070363 1
1328 130.744637742418 1
1329 130.771961890285 1
1330 130.797551059075 1
1331 130.806905610991 1
1332 130.819487307807 1
1333 130.829341863619 1
1334 130.837465890439 1
1335 130.861078587113 1
1336 130.868641433383 1
1337 130.86998467209 1
1338 130.878890503673 1
1339 130.89024907307 1
1340 130.895045860582 1
1341 130.909998492607 1
1342 130.926603263892 1
1343 130.933916597932 1
1344 130.938329467876 1
1345 130.954359428515 1
1346 130.964661021147 1
1347 130.980282892217 1
1348 130.989016922404 1
1349 130.997463961103 1
1350 131.004152814597 1
1351 131.020330132054 1
1352 131.021672929955 1
1353 131.029263648685 1
1354 131.073525947814 1
1355 131.079754134947 1
1356 131.0857832854 1
1357 131.086616641897 1
1358 131.126426093871 1
1359 131.132373525487 1
1360 131.158288778735 1
1361 131.190358019713 1
1362 131.193410230535 1
1363 131.213619442147 1
1364 131.220734378402 1
1365 131.251999297265 1
1366 131.253303566054 1
1367 131.276475990509 1
1368 131.321693685488 1
1369 131.32766299179 1
1370 131.343818348699 1
1371 131.344401302385 1
1372 131.34987492715 1
1373 131.375375752009 1
1374 131.381524276945 1
1375 131.400305912173 1
1376 131.408333228227 1
1377 131.413433509264 1
1378 131.429055380334 1
1379 131.430913991683 1
1380 131.490511881202 1
1381 131.502182141566 1
1382 131.513962007761 1
1383 131.541286155628 1
1384 131.573855343281 1
1385 131.575020152385 1
1386 131.62034037597 1
1387 131.648214769016 1
1388 131.652921928596 1
1389 131.656747333954 1
1390 131.664370125925 1
1391 131.671171622297 1
1392 131.695927529235 1
1393 131.703240863275 1
1394 131.714629502267 1
1395 131.73398528649 1
1396 131.74960715756 1
1397 131.764882140828 1
1398 131.767915239852 1
1399 131.770403429542 1
1400 131.779485360844 1
1401 131.797727577409 1
1402 131.822451543193 1
1403 131.854722996599 1
1404 131.874722542468 1
1405 131.904656190798 1
1406 131.920811547706 1
1407 131.988378638056 1
1408 131.990426708271 1
1409 131.990978481603 1
1410 132.006048579342 1
1411 132.015064985128 1
1412 132.015702785923 1
1413 132.041409466626 1
1414 132.072017546136 1
1415 132.109910611297 1
1416 132.110206174624 1
1417 132.119139691255 1
1418 132.119944110414 1
1419 132.122631399311 1
1420 132.13878675622 1
1421 132.182389710081 1
1422 132.208401916785 1
1423 132.213654628945 1
1424 132.224023787856 1
1425 132.227512345829 1
1426 132.279671070009 1
1427 132.289318323469 1
1428 132.294025483048 1
1429 132.310610420971 1
1430 132.367605840162 1
1431 132.411569728058 1
1432 132.44049588764 1
1433 132.463555097646 1
1434 132.463837473245 1
1435 132.503861325165 1
1436 132.534206406171 1
1437 132.576867734184 1
1438 132.584900389698 1
1439 132.612919981633 1
1440 132.676284833946 1
1441 132.696937309422 1
1442 132.75101416575 1
1443 132.784389250472 1
1444 132.790647827952 1
1445 132.806908326611 1
1446 132.816378328279 1
1447 132.857791282422 1
1448 132.902547484876 1
1449 132.914912517936 1
1450 132.943640795412 1
1451 132.952574312043 1
1452 132.952633813282 1
1453 132.976437941208 1
1454 132.996836611173 1
1455 133.033672877815 1
1456 133.040830672253 1
1457 133.081599442093 1
1458 133.136930105505 1
1459 133.245004348847 1
1460 133.253278032954 1
1461 133.254023536086 1
1462 133.255680814728 1
1463 133.263897009313 1
1464 133.273185590508 1
1465 133.354224655041 1
1466 133.369547112579 1
1467 133.393371527286 1
1468 133.425210429325 1
1469 133.529627012289 1
1470 133.576232591954 1
1471 133.584744349865 1
1472 133.593677866496 1
1473 133.610666076822 1
1474 133.6113467358 1
1475 133.69122590321 1
1476 133.745762206551 1
1477 133.747602220803 1
1478 133.766906379648 1
1479 133.832674013735 1
1480 133.859074843089 1
1481 133.886107903299 1
1482 133.992423527445 1
1483 134.097627193427 1
1484 134.106560710058 1
1485 134.202981733367 1
1486 134.332329457663 1
1487 134.398990746862 1
1488 134.546399681544 1
1489 134.825858148234 1
1490 134.84408528782 1
1491 134.847763234979 1
1492 134.866951458771 1
1493 134.948950885659 1
1494 135.123392880552 1
1495 135.168315012205 1
1496 135.341368089066 1
1497 135.424756433986 1
1498 135.466961702687 1
1499 135.782385506448 1
1500 135.979844546249 1
1501 136.428617034366 1
1502 136.749168811592 1
1503 137.005610233373 1
